:Цель агрегатная Target
:броня DZ1
:точки
P1=[-42.138168334960938, 230.00012032185646, 151.68776059142803]
P2=[-52.138168334960938, 240.00012075897035, 141.6877610285419]
P3=[37.861831665039063, 230.00012032185646, 151.68776059142803]
P4=[47.861831665039063, 240.00012075897035, 141.6877610285419]
P5=[37.861831665039063, 50.000120321856457, 151.68775272337814]
P6=[47.861831665039063, 40.000120758970354, 141.68775228626424]
P7=[-52.138168334960938, 40.000120758970354, 141.68775228626424]
P8=[-52.138168334960938, 40.000122070311988, 111.68775228626426]
P9=[-52.138168334960938, 240.00012207031199, 111.68776102854191]
P10=[47.861831665039063, 240.00012207031199, 111.68776102854191]
P11=[47.861831665039063, 40.000122070311988, 111.68775228626426]
P12=[-42.138168334960938, 50.000120321856457, 151.68775272337814]
:грани 0
G1 = (1, 3, 2)[0]
G2 = (2, 3, 4)[100]
G3 = (3, 5, 4)[100]
G4 = (4, 5, 6)[100]
G5 = (5, 12, 6)[100]
G6 = (6, 12, 7)[100]
G7 = (2, 7, 1)[100]
G8 = (1, 7, 12)[100]
G9 = (7, 2, 8)[100]
G10 = (8, 2, 9)[100]
G11 = (2, 4, 9)[100]
G12 = (9, 4, 10)[100]
G13 = (1, 12, 3)[10]
G14 = (3, 12, 5)[10]
G15 = (4, 6, 10)[100]
G16 = (10, 6, 11)[100]
G17 = (6, 7, 11)[100]
G18 = (11, 7, 8)[100]
G19 = (8, 9, 11)[100]
G20 = (11, 9, 10)[100]

__________Materials
Mat0; Mat1; Mat1; Mat1; Mat1; Mat1; Mat1; Mat1; Mat1; Mat1; Mat1; Mat1; Mat2; Mat2; Mat1; Mat1; Mat1; Mat1; Mat1; Mat1; 
Legend:
Mat0 = HETONE
		Ст 3 ГОСТ 380-88 for 10 mm
		Чугун СЧ10 ГОСТ 1412-85 for 40 mm
		А0 ГОСТ 4784-97 for 20 mm
Mat1 = Чугун СЧ10 ГОСТ 1412-85
Mat2 = Ст 3 ГОСТ 380-88
:end